01 30 34 31 30 30 30 30 30 30 30 30 30 30 30
30 30 30 30 30 30 30 30 30 30 30 00 00 00 00
38 34 31 30 31 36 32 00 30 32 31 30 F2 3E 40
8E F0 80 00 00 00 00 00 10 00 00 E1 31 36 35
33 39 35 39 30 30 30 30 31 34 31 32 32 38 30
30 30 30 30 30 30 30 30 30 30 30 39 38 37 36
30 39 30 38 31 34 35 33 33 34 34 31 30 31 36
31 34 35 33 33 34 30 39 30 38 33 30 30 38 30
30 35 36 30 31 33 30 30 30 38 36 33 30 34 30
35 30 30 38 36 33 30 34 30 30 30 30 30 30 30
30 30 34 31 30 31 36 32 35 35 35 33 32 32 30
37 37 37 37 37 37 37 37 30 32 38 30 30 30 30
30 39 20 20 20 20 20 B4 FA C0 ED C6 F3 D2 B5
CD F8 D2 F8 D7 A8 D3 C3 B2 E2 CA D4 20 20 20 20
20 20 20 20 20 20 20 20 20 20 20 20 20 20 20
35 30 30 30 30 30 30 30 30 30 30 30 30 30 30
30 30 30 30 30 30 30 30 30 30 31 35 36 30 38
33 30 34 30 30 30 30 30 30 30 30 31 38 20 20
20 20 20 20 20 20 20 20 20 B2 E2 CA D4 31 34
39 35 4E 20 20 30 30 30 31 30 31 39 35 33 37
30 30 30 30 30 30 35 30 30 30 30 20 20 30 30
30 30 30 20 20 30 30 32 20 2D 30 30 35 34 36
32 35 31 30 30 30 30 30 30 30 30 30 30 30 30
30 30 30 30 20 20 20 20 20 20 20 20 20 20 20
20 20 20 20 20 20 20 20 20 20 20 20 20 20 20
30 33 43 34 44 45 44 33 37